8800.03 182.791 2905.11
8777.83 157.717 2903.66
8785.84 177.798 2912.87
8800.7 177.798 2907.23
8757.2 143.312 2901.25
8765.3 143.347 2905.48
13986.2 4.5551 13409.6
1108.5 454.406 14592
1212.9 464.406 14530
1204.5 465.406 14556
1077.7 454.416 14564
1069.1 455.426 14559
1691.8 449.246 14210
13257.1 43.0173 3185.83
13250.8 41.8056 3190.46
11189.5 80.8349 6584.72
9526.15 307.289 8794.58
11494.4 50.4974 14487.5
6198.26 30.3275 2926.39
3567.58 11.5917 2427.77
7171.11 297.701 7665.23
6639.02 11.3854 2586.18
7731.56 122.47 12633.3
13840.2 24.6902 13216
6008.4 272.071 10347
3727.69 316.128 8927.64
12926.8 10.5565 10186.8
4936.49 339.47 10064.1
5078.83 9.87749 2312.54
5076.89 9.87768 2309.54
4233.91 340.279 10362
4928.84 339.469 10062.2
1536.04 452.569 14174.1
1533.22 452.569 14173.1
4462.11 339.077 10772
4459.5 339.077 10776.1
4670.49 339.891 9597.99
4656.16 339.891 9599.9
4631.2 358.908 10431.2
4658.03 343.907 9584.54
4627.15 339.608 10447.7
1689.11 448.395 14208.6
1690.03 456.623 14221.1
1678.02 456.623 14216
1690.7 456.623 14224.4
926.17 454.766 14693
927.78 454.646 14696
13311 62.7716 3236.8
13459 82.6296 3299.5
13393 0.589749 2842.3
13479 76.0136 3269.3
587.74 421.836 11129
573.83 423.126 11118
587.46 421.886 11162
2770.8 25.9616 1224.7
2776.6 26.0026 1198.9
2777.3 26.1106 1194.2
2791.5 26.2167 1249.2
